011111 (11111111. 60111Ῑ1 11111 111

{istem 1111101 verb 0111111 1011101110 1001111010 111 11011111
Oculi, adipsum (1010111,001111101010001010 :fic 01111011 ene«
1110101110(οι 001101100100110 111101 Lunam& 1101101 ‚· 1111011-
mmm (1011001110111111111101, 10010011111110101 01011011 111
11111 ,11 0011010111 distantia 111101 ea 1111000100, 001 01111111
1000101011011001100100111111010 1011000101001100110,
1111001110100011111100110100011011000 1111111, 111111
(101 1100111111.
11111 111110111οῡ1· 10101101οῃ1 (10110 11110111 1111 ,0111 10101111-
001111111111110111 0 0101011000 11111 1101001 1001111001 1111000 111110 10-
< 111001101110010000 0101011100011010111110 1110 0101001010,
00111111010111 0010010011010001οΜ1111,1110101111110111001010
1000111010011010011110011101010000001010011010101111111101
0001111111ιο 1110110100110100010 0,10(111101110(1100101
bi} 1111111111 0 Ι10111οῑ 1100 01110111 0110011 11011101 111010 011111-
dens 0010110111 , 0010110101110111100110 3 11011 veri) 11101001
cognoscere ipsam mutationem 11111100110111000101111001010
110 11000010001101000011111 1110110110,00011100110010
100010101001111001111100111101 111100011111100011·111101011οἓ1“11
1010110101Ιο10101101101101101101015010111111
1111101101 1010111111 1111101111 ta 10111 10011010 1111101111,
qualis 01 000110110000111001001011000110111000100110 111
011011, 11111111 001101100111111 : (1111100 11 ex 1011011 (1111001101ηο
1111110100010111100111, quantumuis 001011111111110010101100
1111 100001110001010110001101100110111111310 111111 (10110111 11011
111111110101010111111111110101 111110010111111101011111 1111,
11101111111111,11111111111111100111011 01100 0010111010 1110-
110101ῑ1101011000100111101000111001101111111110101001
01011010100010100001101101 11111111111οξῒ111111111100101110011-
11110111,1101011111111110111 resto (1010111, 01100110011011011100
{iis &ficientesattentisJ 0001000101110111111110010011110111
00 011111011οῑ1 0010100010111111111110011111 (101011111001100111111
11001100001110111111011011110011111
11011 1111000010101011010001101 ex 1111010001)οε

Dd3

 

