,66 5111 [511116 ἲ0116166 « >1
p 106161 611 611611616161611, 11016 11111111 61611011116661111011611111,
11661116 1611111116 661111 1111011061 11611 1611, 616 116111611611101 66161 111161
1111666 1)1 6111611001 0111111110 611111111616666 61116,1111661066111611
11166616061106116111 Ret' 66111 111 ’

1111111011120116611161161166161161661611016111 1101606
61111616,1611111’6Εο61166611)1611116116, 6611616616111111661111111161111
16, (1111611161 111 61661116 110 1111111116 consti 1611161606111 0116 affe
110066611611, par 6611111161, 661 (16061666606111Β1111161111111
6166611116611011116110111611.6111161666 61666111 01116110 1161 6 51-
161610666166116111 0111011611 111 611111 1111661111111106611111161 616--
61111610 1 ,1111 16111101 60111110661611111161161(16011066101166116
110101111011111616115 86 6111161611111111111 616 16110 611 st

1155 Α’1161610111160111161 6 fortiori 611 611111 111601 1111611

1166616611.

11 Probatur, 111116 0116111,1616661111611111111616110
661161Β1111666,116111 111116111116111611111111116116161110
616111 661 1611611661116116161111111111161111 111111,1666611111161110

6110 ,11111611016111611 1111616, 5} 60616616011611166111611111661
13111161111111111,111611111111661116611161111161666116.

111 161161011110101160111101166 1661101011 611 01116610,
11611011011601101161166,1111101011111116611 1110061061 1161111616111
111 11 111 Εο61166 D 16111161111111 611111 11161116 111611116110116 11161
61611161.,11161116111 1661611611 161661110116111 661 16116111161116-
66111,ἶ1·12661610Εο1116611161111111661111111111611011116Κ 1616161611
616111 1111016111, 16116661061111111 60661111 11161 11161 1116111661, 661
1016616111 66 61 1611161110 Εο11166 11166111 1111611161 1611611166
111116066111611161111 1166111111 perungunt 86111οσ16 ’11161111-
’1161116161111161611161111166111661616111

*111⁶ 11116 1361610166 11111616161111 6011116010 601116666-
0611611161 6016 Εο11166 6111166116 1)161111611616611116 11611111
’1111116 111 11111 1111166 116611 61111611,1611616111006111101101610
116661 616666666661166111110111101611111111 Κ6616,16 5551551115
551151'1111ge111'15m 6111611066 2551151111111 6111616616 Ob

5581111115156111511 6111016166 611, 6116616 71)1116111111161611 166111,
.. 1> 0110116661 ,

 

