1144411 1444111104). Q (1444141 (45

1144 Q111110411114110011 1111 ,(4444 444 (((4444440 1'11141101 (((140(444(44-
’4444(4,(,(444 444444446110001( praepasatae,111111'1011100110111111111
144444 C11111QQibet 51411101111 (4 oppoQQtis p1111busc0011011111-
((411 ((440 (00(4(((4((4(1((1(((44· ,p0Q101111111Q1e1Q10 ((0
(1444((4 ’(((( 144( (4(-(4 4(.((1(4(( (4104444044811 (((11((((4(44(((8(40 -
1444444044( (4(· (0441( (4((((4((( 4144144440( (444444 411111111 (4(44·
14004441 ((4446104140 (1414(4(4((((,( 44(((((4(044((((4((40((0610 - ’
1010 1)((4140(4 (444414 (((4444 4444404414 Q1'111Q101111410110Q1· ·(((440((4(
111 4140, (41( ((4(((((4((4 1444(1(((((((44··((14(4 ((,04 (((4404441-(
Q1111011QQQQ111111111Qede11311111110111101 444044 4444444
Q ((4( 44 Lente 0004444441( 1111 44( (((4444440 c011f111‘10111'1s101g0
((4440 24011014 1041011 (0((4 111‘61‘111'1'1110CO1Q11Q11Q1011111'S,p40Q1eQ 144040
(4( 11 ((4444 4440444444( 104111111111010011111Q1Q11Q1111
(4(441((((4( 101110 (4 4( ((1 11101 11814112'111111111011 (4144444444-
1Q11111QQ0111Q11111011410110 (14144444444441140414104144440
101111111011111110111111spostpr11111110011c111111110ch10m
11 1111131‘ (4 44(4(((((1((4(4 (414444444044 (4.4(

Dices11101111re1111b11s (4411104414444 D1 141Q1111s 11011d1'f1'11111Q
[111tot1n1Q1me111Q1a 4 {sed exdeterm111111's1. 1³11oe
Opti (4· (4 (( (44 (4444444444 ,(4044 44440444 ((1414 1'1111 per

4444444444( C111QQ11111QQQ151111111011011:pQ111ibuse1g0GQ0b02
1isDen1'1011bus 0111th 4114144444440444401444 ((4 (444410 4414 ((444
((11(440(4((4(140 11111111111111 ((4044 0010Q111111'11 1( 11111111'111111101
44(0(0(41((4(4((4(4 4044440140 4( (144 (4(44· 141111110414101111141111-
(404414444440101 (0444144040 (1404 (4(414 141111010111111d1p011
(4( ,44011 (0( (((4 ((1( 1111 ((1( 4(((444-(11 (0(4(( 1111 (1( 144 (4444444 (414 (4((4 ’
(1 11111101110 (4( radi 0111111 41 1un (141 1Q4101g1310111111h1 44(- -444(1( (,(4((4
11011 (1((4(( ((4( 4( ((144 (04( sequens, ’4 (4((0 (4(4444 (4(441( 14( ((4( (4(44
44((((((44(((4(4(1 (((44444444444 con 4414444140 44, 4( 41114111011111 (444441

aQ111111Q1QQ111QQ1111 „ ’

14(((Α11(((40101((((4(4(((44(14((40411444444444 (4414·1401440·
(4( 1d0111m0d111111111effio1e41s01Q11111p0141Q1111GQ0-
bosa 1)((414044,((((441> inuicem (1414444444, 44(ορ014(4,-4( 41144
0(((((((44(44. 1410044440( (444((4 (1404444040044441014114140·

HQ1 (Γ

 

