Parsll. 0111111111. VM ” 8⁷
111101 11111 11111111,1111111111,11111111111 (1111611111 111111
1111111111 111111111111111 111111111111111111 1 8111111111 111111 1111111111)
111111111111111111111111111111 1111111111111911111111111 an ·
1111111111 111111.
11 Pa 1111111111,11111111111111111111 111 11111111 11111111
11·31111111111111111111111Ε11111 111111111111111 -
1111, 11111111111111,ο1111111151311111111111 0111191111 ,1111111111
1111111, 15 111 1111111111 111111,1101111111111161111111111 11 1 11111111-
11 111111, 11111 11111 1111111111,111111111111,111 11111111111111
ms 111111111111111111111’11111111111111111111111,1111111111111111
11111 111111111111111,1111111 111111111111111111111 1111111111
1111111111111111111111 communem 1111111111 11, 11 1111111
11111111111111111111111151111111111111111111,,1111111111111111111111
111111111111111111111111111111111111111111111μ111
,11111111’11111111111111111111 811-111111111111111 1111111111
111111111111111111 1111111111111 11111111111111111111111 1111111
111 (111111111111111,111111111111111111111111111111111
’ ,11111111111111111111111131111111111111 011111011111111111111
111 1111111111, Sc 11111111111111111 111111111111111111111111111
11111,1111’1ρ1111111111111111 111111111111111111Ε11111111111111
’ 111111 1111111111 111111111111111111111111111111 1111111111
1111111111111111111111111Ᾰ11111111111111111111111111111111111
111111118111111111111Ε11111111,111111111111111111 1
1111. Ι111111 11[1111111111111111111111111111111111111111
111111111111111111,,11111111111111111111111 1111111111 d
1-11111111111111111111111111111111,111111111111111111
11 1111111111111 1111111111111111111111111111111 111111-
11111111 11111111 ,Ἴ
’ 111 Pam 1111111111μ11111111111111111111111111111111111
111111 (1111111 1111111111,<1111 1111111111111111161111111111,111
11111111111111111111111111,11111111111111111111111111 0111111111
111,111,1111111111111 8111111111 11111111111111111
1111111111111,1 111 111111111111111111111111111111’
111 11111111 111111 1111111111,1 1111 1111 111111111111111111111 111
,1, 2

 

