Pers 11, Tra& 111 6301710113 ⁴ep 3

1113 1011131303 1111113133 0311111300311111310303333 ,1,00110333330333
3131,1110(1011101013003330311101130113 1103113113 333 extrema
11113 11 13 3313130110 3,33 1131103 330 0010113 333 00111103
0030133010,10111313001013331101011133100001301
03313103, ,0013111301 ,13110331130301313 3111011110 de
11310133, 1131131011,1103133111311131331111111031130311
&uergu ,1333301110331131 differreurr 1130 3013300113013131351011
303031103313111103 3311013131 30010011010031333 3310
1111103100131103103130313331003113113113003011313301313333110031-
1111000311 00313131131301-111313311313 3011331100130131131130,031Ξ1131313
(111133101000333,3310313333 3113313303 multum 001110330311313133
111031113300133301001131313103 3113133 Lentis ‚ 0113· 11113 deducit
3313330301 01101103113011 13310313301301111030 eoneqrreurer
,110030010301133330331101333 0103311111-113011011131
0031311111,11331011030311110003111311133, 11100,
033300311331111111311301111133103131133331313
1330133 Lentem (303103333301131313331330311331103013
033111 1011331103331113 133313033331011331011301113 0310113 ,3100013
0011013303(133131103331303313130313311111300113111,313303110303000,
001133300131 31301103111133113 13300 31131113, 1031111113 cru 1013300111,
110 1110331,13011(101101111303313031οῑ .
Lens 33130311 0011130131 33333 80313333 00131113101111310333,1300
1010 quod 11 (1013330011131011303333303013303131311311(3013310,
uitare constituto ‚ perpendiculares 033003331131113 hine-iude
3110110013 incidentia: radiorum, 3311111 facilius 003011111οε
ingredieurer, 111113 ipsus comprehendere ,- 110131 eompre-
3303310303 perpendiculares 11133 qua hine-iude extenderetur
313 031011300333111310133 radiorum 3310110113131133, {Cenem
001031 331131303001133010113301113 331 distantia 03000113031313
Cu 1111031 1331 80113333131333301333103113, accedent 3303 1013133033,
311011 131113 0031003110110 13 313 33103 00300001101113103,1113 1,31
0301131 030001113ἰο 11111, 01113333 erre 1333 ’ub' 13 3131003115 &1 0031
requenter 1131 10111 deducereruu r 333 003 11330 ’1310313 13131, &int rer-
10311033311113131131131311 01131031 3 3101110 ,03 1011311 333130 33113031

FP}

 

