120 ‘² Ph'lffplotiaeopica
1111111111111,1111111111111111111111111111111111βε 011111111111111111
11111111111111111111. ’

-111 Qm 111111111 111111 111111 11111111 1111111111111111111 111111
1111111111111,10111111111111111111111019111111111011111111111
11111111111111110111111 11111111111111111111 1111116111 1111111111,
’ 11111111101111111111111111111111111111111111111111111011
111111111111111,111111 1111111111111111111111111111111111111111

(11111111111111111111111111111111111 11111111 po {itionem ,adquam
1111111111111111111111111(1111111111 (1111111111 &i 1111111111
1111111,1111111111 A 1111111111111111 1111111111 ·111 1111 11111111
ί1111111111111111,1,11111111111 (1111111111) 1111101111 ,11111111 1-1
’11111 dirigerem* Videns 1111111111111 01111111113 A quibus ’
1111111111,(111111111111111111,11111111111111111 11111111 aber
{Met ,

V 11111111111111111111111111111111111111111111 (111111111111111
1111111111111111111 Ο1111111111111111111111111111161οΑ11111111
111111 111111 1111111111 011111111111111 1111111111εά 11111 11111111
1111111111111111111111111111111111111111111111111111,111111 11111111
1111111111111111 111111111111111 1111111111111111 ,1111111111111111-Ι
111111111611111111111111111111,111110111111111111111
111 1111111111,11111111111111111111111111111111111111111111,11
1111111111 · 2
11111111111111 ,111111111111111111 111111111111111111,11111111
111111111111111011111111111111111111111111111111161111Μ
1· 111111111111111111111111111 1101111111 111111111111 11111111111111-

1111 111111111111111111111 11 11111111111111111 11111111111111
1111111111111,111111111111111 Pupillamm,

1111111111111111 11111111 1111111111

“ ’13111111

 

