,11 Phi 11111111 Optem

6166611161161110116811·1111111616116 (161161611111166611111111.
Β111>611116111111 11116111 11111 11111Ε611116116111111111 661161-11Τ6

161” 6166616 vitat aliquomodo 11116611611161161 ex 111116111111116
1611611 1111111111 111 1111166111 1111 16111 Ε6111161161116111 01116116,
(1111161166 1111111 (1111161116611161616111111161111111161, variatis
1616111111611111111 16111116611111,11111’116111113111111116661111111111
116111111611106161161161111161111111111ι1111111111111111111ὸ 161 61111111
ab 16161168116161161161111,1111 61111111661161111 (1611116111, ,
11166111 111111161111111111 1611111166111111Ε111 ...s ,36111
11111611161111111361611161 1661161111611161 ’611 6111111616
1111116111 1111 66111616116111 1116111111 111111 gi 1111 6111111 satis magnain-
1 1111116116 11611111 6611161661161111, 6611111161168116116111111,
1611161611111111111111111611111611111116 11111111 11116 (361166161111
6611136116111Ε6111161111116 16111111 116161 (11161611111161111111 16111,
16116611111111 61611161666111611111111 ·’

Ex 1111111111 66111161116616111611111116 60111 68111111 11611 Co
111 111111 1161111611 6161166111111, 1611661111111111 16166111111111
16116111611116111111111661111611611611111,116111111111611161111111
1116 1111611111 1116116

1361111116, 111116111661661116,1111111(361116111111116116,
1111616611611616(11111666111111161161111111111161161161116116 161116
111111,1 161111 111 1111111111 61 ’11111111111111161111’11,1116111 136 61611111 116
vt 1116111161 16111611 1111, ad 6111611111 partes 16111 111661111 per
11611611 11, 6611 111161111116116111, 111-116 inde dil 11111111, 66
616111111111161116Β111(111116111611111111111116 euersa 6611116116
,1111 (1611111116 61 1161 6111161111.1111111ὸ 611 1611111111Β6611161111
111161 11111 6611116111 1111111,1111166111111111Β11 1161111 111116 1111111 1616111
61116 6111161111 6111111111161111111161111111166111111161111 11111
8131111 7 , ,
Qzfimm 611 1611161111 11111 1111161 1111111616 Β6111161611161,,;
111116111661161111Τ6161661116116 111166116111,111111111611611-»
161161611111611611611111611111111161111 , &a 1611111 3111111 1111111 66
611116111,661111,16111(11111;11661111116,66116111111611611 -
11111111 1611116611 6111116111, (1116161116 611116611111 ,11111 ex

’ ’6611616116

 

