990 1199919199 0550
919 qu 1011101191 191010 119 55 99910911 1201111011 111 9109 9000099111 19911
19999119. 1011119.

11099119110190111101010110111911110911190901119019

990019911199 191111111111101911110191Ο91110,11·910011[1011301111-

110119011, 1190999891119Εο1910191190111009919901
55 999911110500199101901909 1110 11111101911911100101191919 911

90191111101191919111111’111990110011990019019110199100911191
911191110119199111113011111 9011110011 11101111 1009091011919111111
1011111190119111111101019910111111011111119-0119110111111011111
0111911119,919-011911111010191991011109011 011111 55515555 555551551
91910119,

Rursus 515 10001119 119109108110110-,911190111 11111111111011119-
1110911111, 0 55555m01515511 11091111010111, 90199101091101110111
001101190111991900910 9111011111 1110191111 1900011011911 19110110-

19110001190901 11191111099101191119101 ,1001 1110110119 11119111
101109900001001111011911191019991900011019199101110110
000999119101196110110111 11119 9100001010 0000019009οε 01191-
9100991911911191913911111111091110111,9 91101111111009009101111011-
1111111 00010101901111911009190111110 1011191911119119011911110119
900109911111191111191391 11111101011191011011911911911911111111
1901111911, 901999911011191011910111 Signabilium (31110011, 0110911111
11009910111911119 101090191191 190111 11911 1111 0919101190 119 111101-
ἓ111001001910110119 pofin'onem conformem p0fi51015i Sig555555
1111111 111 01110910, quibus correspondent.

P05555515 1999991199, 01190, 1111199 probatam 5555555115555
9109911199, 1001119111 011190019011919111 11991011101119 10009190 111
’1101109901 1019101110110111 1110011101000010199011911111111 090910
90910110110111 0111οἒ10111 11111911111110110, 119091111111101901111099
9101 1110111090 09011099111111,9101011011999111 ab imp55ffi0555
01109199019991010011011011101190011 010151111111119011011110911-
1010111111οῑ ,

131Ι 1111 10 1110111 1111110919 1891119110 (30111110119991011111011919111
. 9101090 09099119 1100091090 00901111 101191199110911111 ’11010101111911

1119101019· 0110111111111191911 9119000010 5555 901· 15511155558,q15515
11

 

