11111111101110111111111 ’111

1101011111 : ergo 111111 (111101111130111111111110110 1111110111 111011
furatam 500511555115.

1111101 001111 000001111011111101118011101101111111111110- '
1101110101111,011115,1000 1101 11010111111111011110111111 111111
1111111110 11111111111111].Ξο11’1111111110110101111010111110001
101 11010100 100 111011111101110110111111010111101111111111111

111111 11110100011110100111 00110110011111100111111011111-1110111
111110010111111; 0100 0111111 01111 11111100101500111111010111
11111011100110111101111 010 0111 0000011010111110110111000οε
111 1101110 00110011110111111111, iuxta probata 111 1 1. 01110111
0110100011,

10001111 011111 10 1001000111111111 011-1110111101 6100011110
1)0111”1111 00110111011101,0011111 0001011 (101011010111011111101110,
111 01111110011011111101101111111110 001101111101,0111111 0110111101
8101110111 1111101111 110110111001111111011)·1101111110-10011101111001
101101 001 00011111111011130101 13011111 01111111010011111,1101
0101011001001111Ε10.5 80315 ,000101 11110101100110111101 111
1101011111 ’11111111 1,111 55 1100011111010111 10010111000111 111 111 01311111,
01111011113110111 11111111 10 1001111011111111.

110010 monuisti, 11111 0111011101 10100010 1010001011 e Dea
1011010100 011111010111111 5st 0111101 , &⁷ 0100011101, 10111111Ε
1011101111100100010111011 5011110111111011110 (1110011110110 11111
colligitur quomodo 1000111110111101110 01100-00011011 01
010111 (10101011111110 0000100000 facies 00001111111111111100011
1110111101οε 5555. 0110011000, 00 0001110110111101111111011111111

0011011111011111 1101110 11111101101110111101,101 (1111101111101 0011
11011010 0110 1110

(1011 01 0111010100 011010110101100101 1111110111110,011011

011111] 1011011111 1)01111011011110-001111101’1 0011111101· 1101100110
1110110111011011111011011101 11000111110010001110 1111111101,11111
10111101101000111101111111511101111100001110011 1010 0001101
0011101,00001111011101111110110001100111101010001· , ’

11110101111111010110110 1111111101010111 1011111 s 10111
010 1101111111011011111110110111101111Θ101>01011000011,

0110111010

 

