< 25 ο Wilffph 11110Ρῖίέιο
0111111111101111011111111111100111001111111011111101111
11101110 1110 501010111110111111111 1111 011000111101011111111
011111 0111111010 110101110001111111111111 11111 ’fanensi 1111101111010
111111111ου10 1001010111011111111010111 taliis angninscontinet
11011001111111111111011111001111011110101011110011111111 1111101
110110111001111011111110101101010111011011111110 0101111011

13 0101101111οῐ1 1111100 ³³³³ae

1110101111.111111111110010 (3101011100011111011110111111
111110110010011101001110101101001101100111011011111111311111-
01110010;1111011111011111011111111 0111111111111111111111110101101
131 111101101011111011010111100010100011111110

11001110111011100 11111110011111111111101011001
- guia 1011100Μο11011011111101010111011111100111111100111111010111 '

011 01011001001011111,01111111101·0111111101101101110011-
1101111010111111101111111111 011111 0111001100111101010111011
5111110111 10111011011,11 1111111 00111111110110 1111 1010111 angu-
111111 01111101001111101111111 Centto 0111111111 0110011001
1100111101110101011110 , 0111111 10010010111111101111111011111 01-
100100111110111111 pet 1111111111, 11 8111110111· viciniori 1110111011-

101111111111111111111011011011111110011111111111111111111
011111 1011101101 110 intra 0011111111011111181011111101110111011011
0011111 111101 ³³³ 11010111 11101 111111 011111 01110111, 80110 1010111111 111
01101101 1010000101 111 0111111111000110110 Axe (sanitatis,

1100110 1111111111 11111 1110111110 8191110111 101001101111101-
1100101110 1111101110011111110110 101 1110 811111011001111101111
0111010010 1101101111[1111111111011101101101111011110111 1101ν
00111011110111111111 C³³³³³³n³ Dtnsnn :fiqnidtin 0111111111. 10-
1110010110,111111 111011001111111111, 01110 111 [0111111111 111011111-
01001111101111011110111 inclinationis innotis exhibet 111110-
0010 1011-1011011001 1011111001001101011111010 111111 Ἰ(3111111111
0001 11111 1111001010 ,1100111010111 110111 ,111011 11011111 1111
1000110010·11010111,101111111011111111111110101111011111001111110111
³³³³} 611111 11101110110111011101,.11110111111110111 1000111110
111011111111111,111111110111111111111111111111111111

1111110111

 

