Pars Π (311711 11111. Vm, 77 ‘

1110010011, 111 111110111010 11111 10110111 171111,111111011111
1111110111001100111111001010111071110 1701111711 1111-
1111111101001011101111811317011110111171071111 01111110-
1010101111ι11110 01111111 111111 1111111101] 10171111 1101, .
11071111101111111111 ,11111 111 1111111111001111 11101111 1711
00101111111711111 0101101111 0771111110 11107111,
17101701101011110111110111110111111 7011111011 7111111 01111
perforamen Vueae, & 0770111110 1 11710111 1111111 Lentem
1101110111 011 11111101 dep 11111111 1101100011 1000111111
111 1170111110 710 conuenienti 1111111111 111111 011011107111-
1101111 7107011100111111111111111101 11110110101111001 &ter
111101110011111111111111111101 0111111 010111101111171111111711-
1111111100111111111111111 011110711111011111 7111111110111
111 10101111111011 11111111 011010111117111181011111110110011
11110 0111101011 fi 711· 010710010110111111017111017011111

1101100011 111111 01011110111171171
’ 1111100111 8110110111 111811010111111 710111111101111101
11011 ,0100010100 ,100111011111171111 1111111 1011001101
111 0110110071111111110111 0111111 11111011 1111111110 1111110111
’11111117011011111001101011111 011010111101111110111111 ·
11110111110100100107101110011111110 71, ’1111110111
0101101110111111111101 11111171, 11111111100111011010111

10011000111111071010110111111111771111 1110111010 1
010111101001110100 110011010010111117011111111 ⁷
1714111 11101111101111111110111011 1 11001 7111010100

0011 10111001 ,1110101111 01150111 1111110101 1110111
ushan< 01111111110011111111111ον m va

0131 11011110 &Cornea 011

Crystffipfflm 10101111711011 10111 ,
11111,101010101 1111111 1111010111 0111111011111011111111
1111011010001010111111111711111111111111110011110111
0171171111111111117771011111111(3111 1111110 1711111 10011
00111111111111101111111011 1111111101110011111 ·

pertingens 111 1 1111111110 10111 10111 1711100001010111171
71

 

