Pam 13 l 31311011 3] Cap l 1⁷ 1111111311,
001· 0011030011101101100001011010 10101101 111 1011 1011011 1100

01110, 0111111011οῖ 001100 1101101111 11111ίο01 11110 ,011010 110111 0001110
11101000, 1100101110 1001111110 111011101000 8000011111001011-
111, 001111001100111101000010011010010111101010010111-11 011
0100110110 000100000101111 101001111101-11101010 000111 0111,
00101000001101110010111101110110111 1101100100110111101111
0011111111 01111010 1111101111111310100110 0101111113 1111 010 1101011110-
1100010,010101·11111 1111011111 10100110111111111 1000 30001111.
000 101 11010011101111111 11 opportune 0010111 0111 0011101010 0100
111011001000111000 1011101010οω primariam 010013101ος 101·
00110011010001101110110 00011001100011111110101 10 11101110·
0101111111,00000001 1111001011 deformatae 11101110 1110111101οε
1000 30001111, 0010103111 111 0000001100011 11110101, 1010100·
110111111100010011011101100011 saturatos.

1310100111 110 11111011100101010101111101111001,011101 destina«²
10 1000 1111111001 Speculum (3011001110οω , 110011 1011000000
011 1110 111101111111101, ad 0011101110111101001110 1111001110 proto
011011011001001’11111111Αο0010101010110Βο0011111111,00101011100
0111011111111111 proportionata 10010010 mensura 11111111ος
1011111110 0011111000οἀοω

81000000010111100011010, 01100111000111111111 110 0101111111,
011000101000030000111011100111101101 1101101111- 10111111 ,001
*13111000100110110010100001011111110 111 1101111111 10 1311* 1101111 1131·
110111081111111011011101100011111310101011111111011001·
101 1011011101, 80 magnitudinis 100101100110110011013111000
11011 (1000001100 0111010 0000101111 0110 1010111111311100, 111
11101000 0101011011100110111, 11101 001011101111010111 0010011110,
1111110111101311000010111010000110 11110101 110111 s, 0111 1-101000
010111110111100111111111010011101111οι1001001101001-10 00010
1101111 10011 1111100110,011010 1111110111 1101011010011011000101
demin 000 1111710100010111110100110311111 1100000110·
sum 0111111010 01110111 001 duos 000100,00010101011111111 110
01100000011011011111010 0010101100 00111 0 1001100111, 110100

10111001,10111011111111100101010100100000010
,0

 

