74 P111551s ,16 ’6 0555
6166161661111161161111611111 1116161111616111,6111, ·
11611111 901 111161611 11151 1115 511p51515511g1115111151 1161-6116111616 1;111
1161111161. 1116 1111161111116166161661161161111611661116111111111·ἑ
1611111111611161616111661111116111111136 1116161611111161111161611
1611 011111511'11 11161161116111, 1116161111 11161161 1”,11116 11661616 61111.
1111166111616111111111611116116111611 11161161
11616666111111161161 1111161 111661111,Ρ16 q1111b11 16
111111116161611111116 6616111616.
161111111616166611”1111116111111611161116616 1161 661111111611
, 661111111161616111611111111111,166111161111186116166111661111-166
11116161 161161116111116111111611,11 ’6111111016166110611116111111116
6616661111 1611161161611 11111Τ6616611111, 116161611661111611
11666166116166611161661166 161661111116111611166116111 11116111, V
p1051d51111b1p15511st5151115011511111115511515111551151
q5011b551 51351111 11501111151151g55 111161 1016666111 511p1'1
1055111 1515511L5155C01111551 1116111161 61111·- 1111601161161111
111 5101111111117111151111 161666161161611116 111611Η61160111111111161113
61161616166111 111111·116161161111616111611,” 111111 111 111111616161·
61111111 116111, 111161511161116116111166611111Ἰ

11116161 (111611111161111111 Sp115 66 01611111, 6166611161
1116666116111111111111 111111 11061111611616611 1611 616 1111 61116611661166·
111661 611 10115 111111 611161111161111111 1111g11 1111,111161616111,6111 11161,1 111
6161111111161111161111116116111(1111661111166161111166111”16’1111111-
1116116611 11s1115>1p11111'1b1151111555115d11151511115511101551151w1511-15
(11116111 681 111116616111111116 61

155105151'555101 111611, 6111161116111161161· 11111‚5 5111550115111-
1611116166116111611161111611061161611111661 11015555111111 1111-61666
11161 ·611111161111111161161611 6 0161616111 1116116116166 5111111'115111 1111 155
1116161661111111166,11166611116616611161111611111111611161116 5
51111511511511111151 111111 11166111 11111111111111111111111161
115111511111 61111611 1110111111011511155515 1161166116, ,1116616111
8111611111 ,1661611111661116 1161101611116111161161611 66116611·-
11111116 66116111 16111111 1’661 5111111011111111511 661111 11111661· 6111161

10111151d11'po11 0111110155151115155811011 16111611666111161 1111C011550‚
δί

 

