Pars M 6331118331ῗῖίῖ 13
11131313331131133333 ad 33313 333 g55= 13113113 31333 ,331 33133333 22222
’33113333 ab 33133331133313, δίῶ13331311313ς3133331333
3 (1113333313 33333331333333131 331 33313113133313113133333-
cedenti 3111 Οε1111,3133333313131313333131133333333131313133
813333311381331131 11113133131331 313 ’3131 3313113 1333133333 331
31113381333313111113, 3331131 3133333313 1311133130313333
5. Ρ313 111133313313 constat 55 8331331133 1. 85 33311113 33133
1113311313 ,Ρ333313111Ν131113131 3133111133 3311311333.
1Ρ333 probatu52q1155 3138311333133311133313331333
11331333 pastis Castam, 13 3331133133 55555 3311333313 primm
8113313113331333313131333111331 33333333333131133133313
Cr} 1331111 1111, quorum 3131313 31133 1313313333 113133333311313
jp555m5 1333133133 8113313 3133113331313311111333338333133331, 5
8133311183131111133331333313,333131331333313118133313133
Oculum 3131313 113, 111 111131 11133313 comprehende 553 3113333133-
pendicul 5555 33 3113 31333313 per 3311113331 133313311331133 55 ,
3133133331 331333 1133333313 33133311 113113 33333311331333 3331-
(13313313133313133 33333313313113 ὃί 3331333333, 3333113333 33-
133133113313333 secabunt, δε 313 11113, 11331133133333 3113333333
333331331333333333333313333133333333133333
33313138113333333111333331181113313311311311 333331133131313
,3333133333 , magis ac magis, 555 31333133333331331113 3333113
1133133313311333331333331133331,- 13113113333133133· ’3113311131-
31313313131131 3313133331113333313 333331333831331333333331
corpus 3313311133 3313113113 33113
111 Pars 3131333313, 5555 311333 33333133333331113 381
3333111313 1311 0313333 bene propofiti, 8333 31113 3333111313
33331111,(31133133311331331133313331813333313311333,8313333-
55515151 313333 50555155515555 3331333331113188 1331331133 13 33313-
333133313133,3133331331ὸ 3111113133, 33133 3331313 Centrum ex
tend11555115 3 13 33113313131111333333313333183333111111133331 33
31311311 333330331111113311133311313, (133133311311333333131333-
333133,133331133133111113 313311113333331 13313331331333133-
31331) 1113 pet 3313133331313313333131, 113331133331111313133333,
111

 

