PTTTT 11 Τ171117 T Γ711711 71111177

77167117171717117717117677171711171, 3101711771 1717117,
1177177171, 11017171 71777117 7777· 171771777117 3171· 7117117
17170777 7771171177717 1777711770771777 7711 717177 71711
177777101711177771111771171177117177177 171771111777717
71171077717111111,7711777071077171117717777711777707 2
11717177711773 7711117777 7770111777 0777 7777777111
77117 77171717077077177 ’11117101177717717 ’
177117,111717711710117ῳ1771771777357175· ··
71111777171,1717777171711771701171117 > . 71
11717171177777717771117161717311771 1111777171 1110

1737177117, 711170177771177117717777711111771177111711
1777771117171771 711 11111 1717 171,777· 17717717 77 171177 17171 117171
1717117111.

1111711101 77311117177017170 017117177111711717117131317
77177107 7111171711711777777117171717ὃ 1711177117 1771770771 777
TTT, 35171771771711717177 1711701,7777117 1111171 171171
1117171510 771717717167117717711111 aTTqua no 717717 CTTU 17711
777,177171017117717111771177107771711177717117171717170111

17111717777171111177· 671117111770117 Tus, 17711 710177117771177117-

1777777771 1711711717177110117717117777177177 T 17 7110177777 1117
1711171771 6711777117 77710171711117,

31177117111717011771117771671171Β717111711717
7711117111777177171111 717171117701171111777117 11111771717717-
171777171717717717177, 3711177710177711777777,7771711117117
7017177177711711 711777777771777171717771171717117101077111
17111171177171· 17171177711171, 771717 6171·7177717,311711·717677711711-
117·77”·1171117, 711117 17117711717777117 77111 7111111 711 0771111117

17177171177771177777717171717717771111717717171771717711,
,7117117111 11171711717171717 17177 TT 1117 67117 117171 Lentem
60177177730711111117,177111770771777117107177111·
117717 est 77111771117117117717717111 17111717771771771717111177
17771777 601111 ·7711117717’110177111; 37 177777717777111071717
70717711717177071177177111111771017171777111111717 7117717117ῑο

pTiTT TT 371717757171117 TTTTTToTT (111717171171711771177111177777
7

 

