116 Philosophmfflsspticae ··
,1111111 1666661181 1111111111, 661 1118181 1111661161 111 Obie& 1111
11166611686111611161116616188 111681, 81118111116161111611ἒ6 61661116
616111 616 6111111111Β611861κ316116861161111161116,6116111111111
16166 816 {ub 61111 8111681616 6666161161111661616816111 1,6 fi
13111661-16161616611116111161666161611111616, 116111116111116.
11166111111616611118161111111161111111111-1111
,116116161161111 (8181116861 6161-618161 61118111 1111111111 6111166116
8116111 116-1166111111 11066686 16116161 111811 1166111661 6111666161
11,-166111 6816611111 6 66 ndi stingum (8611111111 86 66116111111116 ex
1’1-1 161· 11111166 6611611161161116111111 661111611161111181111666
11111111111611611166661186186161681111611111661111
6666111116111611 66111661116111881111166116 661161111111161
11611116610111661611611611116111616611111116’1111111661611-11
1111116666181116 66111111111116111111 116-1111611111 1118111661
111 111-11611861166661811116111161166611166161111111111
,16661611811161116661116611116116616861161116181661161,11-
“ 6116611161111611161111166111611611111611
118 66111661111111111. Ε66111111181 0111661116-
’61111166666186611111611681611681686,111116-111186
11 161,,11111611116161161-661618151111116161161661161-16
16116111 6161-6681611161,ρ16116116111116111111161116111
188111111- 166111111611 111 ,66111111111116161111111611111111118 6111666-
(11,, 196111 1616666111 Signa 611 11111-116111116661111811111 11-
1111611611610616686 6111611616111116616818111166186616661-
,1611161111111661161111611 6661686161116111111166611116111
61111 16116161111116111.

1818616 111. Β611181161611111116111111 161166111116 16111616 ·

8611161661 1661111116 116866 111111611611611111111616, ad
111161611161166118161161 modo 188119611111811116111111111611 866116
6611116111611166111 6161161111 1111111161] confi-

gnam 1116 611181 616111 66 1686 1611616616 6611116111116
811111 11111616 61116111 1681161666111866116 6111-

, a ,11116161161111661116111 6686166108661118111111116-1

,1, ,11,11616111161616 6811111686

111111

 

