111111. (11111 HI Cap Vl] 11111, ,1

111111 11 accedat per 1116111611 11 11111611 1361111111 111111111111111

,1111111111 05‚xtReptaest 111111 11 6666161616 poi ont op
661111110611611166611611661111111Κ6ρῑ16161111111111
a 11111611 61611161666111161611166181611116116111111111116,
1161111111111111 , 666611611611161116111111,611161161111111116116
1116111111,116111166111111116161161111,161111616611161161111
06111111, (1611611161 Medio 6111611116,611111116111111111616

1611616116 8166161611 111 66 6111161166111111161,6111111111
1116161116111 6111116111 tam 61111611111 1111111, 611161111861111
11111111111161111111111111

111 Ε611161611116111111611611161 86111616 1611166616111111
angustius 1161116111111661166611111116161161161 061111 ’1 11111116·
’1111111 111111161111111111 (161661666611661 6111111 111 (1616616161
111161116111111 Imagines 1616111111 111616611616111116611161111
1166111111 impermixta 1161611161116116 , 11611611111111611111611ἱ
6661666111 proportionetur, 86111611611166116111111111161161
16 11111111166111111061611616111116111111111111, 6111111 potentio-
111111, 6611611661166186111116111 111111 061161116161161161 111
11116161

§edm 1611111611161111111 161 1116111111 1116116116 11611111 61111-
11661116111161611111 1611161111 11111111,86611161611111111111116
66111161116616111116 6111111111, 1161116161111111861116116,
16166111111111111111111161111166616111 161616116116 111 1116 , 11611
1111111116 1661111111616 1. atque 11166 11111 0111611611111111
1111611166116611166111116116111, 111 611666661111616116116
116111111161611661111Ρ61611111111.

8111616 111-1611116161· peronem Diaphaoum Ὀ6111161,Ε611«
161116116111616 161161111111111 ,616111616611111161 11 1116161161-
piata fingoliss 661161111116116111111111 061661618166111611111
{fios 66116616611111 6166116611111111111661Ε611161111,111611-
11116 111116161ΰί 1161111111 111611 0611111111,16166111σ1111111111116-
111116661111111111,1116661161666616111111161131116111111168111161
6611116166611111111111111111611611661111116,111116161161611661-

116Ρ616111 16161 1111106166161166111111661 1661116111ξ F
{gnta

 

