733 . 80· 1100101111 Opt 1111

5111111110 110-511010οῃ0 1101150011οο0ῐο 111051 01110111 111101·
101001111101110101011111001110111110,8110110010101111,

011111 011. 0111011111 10110000101101011 1111011101111100011 >
0110 0111, 110111 A111' 0010111011 011011010111010 111010110110
1010111111 1011, 1011111 10110111, 810111 1011001111 1 11001111 011115, 111111 010 .
Ο1111110001811110111111105,10115000111001108111010 00110110
3130 111, 111001 111111 00111 0110011011011 1110010 011 1111011001,”’ 111 11110,
10 1011 11000 11, 0101081010 111111 1108110 00001110111110111101 11115 10110, ·
1101 10110 000810, 1111101110 1111001· 11110 ,5101110111 0 1110100110
0101100101, 1118000111 1111101100111100101110111 pe 100011 01105111 =
0110 011111001101111011110111101001011100111801101111 ‚
quas 0011100105 1111115 10 Οεο1011011001,111011ὸ1011000111
011001 1001101001 1113111111 110110111110111111 001110111101111000 111
’ 01οΒ1· 11011111 1111011111 10

Dices 0111110110100010110051101111101011 0110 ’11110105 effe

11111111111111111110110101111111110111 id11q1115 1111111011
10111115 818 110151 0111 011111111011110101,111101010110 ,quA
’ 00011111001010,0111Ρ1·0810110111,001111110111011111111111111011ι.
1100001105 1110000111.) ·1111111101110101111. 11οΑ1111 11110115
,1,01011111111031111111015 0010111111011011111011111
0010111 1101 1001001111000 1110101111· 1100111001 1811101101, ὅ..
= 11010011110110 111111 11110,110111101111ἕ11 1111 5511111 11111115 1801011111
11111111151101111111111561011001111111501111111111001000111111
10011110001101111011,0011001110111010·010001011501101111011,

’010111 10011010 011101001111011011010110010110, 001110
01011 111115011101110 ,01111110 001810111011111101110,81 ,
1011001110 11151111· 1111111101. ungi potest ’1,,1118111111 3333033333
1110 001001111110081111 0011110011 11101 ’1·8181010 11110101
1101111111 111111151131111AC15AA 01011111101111101851

0111010010 101111. 110 00011110111011108010111,0011110-

011· 1111. 111111010101111111 111110111011111111001110 ,111ορ01-
11011 111511 0101111111136111131130, ,1101101111001111011100111
⁷ 11110 10111011001011, 011 80111111 0101118 1111111101ῃοὶ)

. ..101-1011110100 11,11·1 11011110 0111111110 0011111 1110,
00111111 1·110 3111 811111001111111111110 11101011 1110 1810101101

’“ 1111111111,

 

