&5³1 6111111611 11011161

1666111111 16111161111161166111611161111111161116 1111111611,
1111611111 11116 61111 pro 11111 11166161166116111111 161111111111161
116616111111116161116111111111661661166161611111 1116111 ¹
1161131611111111,6161111111 611111111111111111161611661 1611161611,
1111161111,Ρ11111111111111111661181111111111111111111116116 661- -
11111111161111,16111116111111.

11111 1161111111 11116111611111611111661 61111111-
161111,11166161611616111611Ρ6161111111111111 161 1111616116-
11611 1111161616 611611111111161 1111166111111111 66111-
6161611111 111161611111116611 1-1111181 ,6111111 ,66111111611611116-
1601116116,6666116161661111115111111111611111,1611111111 ,
’11111111661161111111116161111111011616161111111111, requi -
11111111611161111 [111616116111161111111111161116111111116 -
QQgQQ 11611116,16661’11161116111 11111, 8611611111161111111

161111611111661611615111111111111166111611111111116
66161111111,11161611111111 &me Q 1111111111 1611111161 611,16
616111111111616611 11116611111,11111161661111116611161
” 1 1111611111116 11611616161111161111, J

6111611116 66116116111161 11111116
Ὓ116111γ 111 01161161 11111 1116111 ῑ, ,

111111 61111 1111111111111161161611111
11161 111161,1’ῗ61111116111111166161611661.
,1 1111 61111116 11106116 1111111116,-
61611111111116116,111111111116111611661,
(311111 enim 11111 116 partis Cry -
, 61 (1611111116 111 axe 061111 661 stim
CQQQQ 161111 06111 1,th ntum 1616 ,
, 6916661111111Ε11111111111,1111111661111116
· 11111161116116111666111116
” 1161111611 11111 111111 1611111111
1,· 161161 1161611 111111 11111116 ,
ἢ ²* 1 2 11 111111 1616161616111116116111
-Q , Q„ ,11611616111111 1616116166111111111116

111111

 

