’ 3333333 33333. 44 Cap 445444' l. 377·
3333333373333,33333333333 40440444444,40444444440443140421
333333 333333 33, 3373333333 00, 33333, 444 33333333 3333 3373 44 3733 33 0
‘'stant-

...α-...- ua-n-sswmmn—-u-uann—-uffl “

(33333333 333

Ee 3333333 333333333333333 37773333ῑὲ3 333 Figz 33333

44Vfi444444

Ν, 033 337333, 44444 qu 33333333 4 444 rte 4414440 03737
3037. 44. de 40 440440 3333333 Iam 04 33333337333 33 333333333-
444 0333333733 33733333 tum ex 333333330333 333333 33 33333333 44> ’33-

333333330333333, 40 lperforamen 333333333333333 333333Ἰ 43 3733 , ,

333333330733333333 7330337333 33333333333 33330333 3333333 3333 4444.
44444410pp044444m: 333333· 333 3333333333 33 33 33333333 48p404 44044440
(3373733335 ,306333303333333333 444'44040444044084440444444
444444044040‘4480044 &Cap-,17 4444. 0333333 4440440 ,37
733, ,33333 ,333 3333333033 3333333337, 3333333333νῶ
33333 3333333333. ·
3333333333,33377333οά333,33333,13,’,,3333333Γ33333333
333333 <444 3333333333 4444440, 3333333333 3373 3333333, 3333333 3333333333
3333337333337333333 3333, 3333333330 44440, 333333-
men 4444444444444444444414414 ,3333333333 3333333337
444 040 03333 ,33 ,444 4 4444 00 4414444 444444 0 3333333333, 33773-
33 ntem 3333373 memo 3333333333333 333333 0333333 73370333 303333
333 33333, 333337337333337 444444'444440004 4444444'044044 33833 333--
333 33333 733 4444404044040444404 Angulum‘ 333333 3333333333 3333333333,
44ng444aes 33 37333 3333373333 Imaginem 4044 333 4444440444444
7303333333, 4400 70333333 ried 1g4 3333333333 maginem 37733333-
tem, 0444 3333373333333333 commumcent 333333 444mdumsp4444m
ab 33333 confignatum 3333333333 4 44: hoc 444 3333333 fieri 333

queat, 440444444444444444 444444144444444241014442014444044

 

