100 y ,81111ίο 00810 0011111
11011111110011001101110111, tanquam 11111011111101101110111 110110-
,101111 1101015100 1101100101010011111111001011110,
1110001001010118100111101001111·ι1111 110111111101111·111 11011111 11111
011100110111 ῐ111111 10010100001111111
111111010101 1111001011011111010011108110010000111001110010 ·
’0101111110110811110000101110111111011 8110 01111111
. 001111110110011111010111111111108111011101110100111010110111100,1011
1111110 1111101101110111010 10111111 11011 1101110100 ,100000-
10111111 1111111111 11110111,1101110111,11101010810811
0011 0101010111· 00111 01011 1111 10001111 ’1101111111 1110111 11101101 1110
011010001101001011011110 1100010010 11011100 1010011011-
10101000101111011101101101, 0101011010011100101 11111011111100101
01110011, 1110100111 0010111001 10110111, ,0100100100 1011110110.
0011001011, 1111 1110111 01111111 1111111 1111011111, ,001110Δ
1011011110111001101 0101001101 0111010100[00111011111101101101
1011018101 11-111010110 010011010011011100101010111011111111
’ 1011010011100111110001110011110011111011101111100111111110111101
08111111100111111 1110101011 8111011101ςο 11111001 0101111

1108010111110111010001111,11111011111111110000111100111111010101110
ἃ, (1,01,11Πᾶ,),)111811

11001001111110001011111ὓ

„ dumdesignationcmMaw
101101 1101001100 808111

’ ’ hta Τ11001. 11. 811188,
0101110101011 0811· 8011

’ 11111111 1010001000111111

J ’ ,1, N 0111081011011010111111101111,
LQQM 0101100101οΗ011011110011

1111111) 0111011111 0111010111
00111 0111810111 1110101 1001011101111101010 110111801111111

1,,1001’01101118,Ε,801111111111010011101181111111οΗ 85
11, C, 111111111118111111101111110111 00100188110011001111111

1111001 01 001 1110111010111 1101111111 8011111 111111), 80 011111,
D> Ε, 118] 188 ’111111 10181111101110101011111010110111001111. Μ,

011011

 

