· 1114 , Ρ111111111110411111

111111111111111111111,11111111111111111111111111111111

’ Ζ 111111][1111111111]11111111111111111111111111111111111111111111111111]

11151510111111110b511515111111p1011.1P'1‘ 1011111111111]
11111111111111111111111111111111011111111111111111111111]
111111 1111111111111111111111111,1111111111111 1111111111 1111181111] 11111 111111 .
111111111111111111111111111111111111]111111111111111111111111111111111111
1111111111]1111111111111111111111 111 111111 1111111111] 11115g11151 111 111-
11111111111111111111111111111111111; 111111111111111111111
1111111101111111111111111111110111111111111111111, 11111-
11111111 511111111510115011011301115 1111011111] 111111111 1111] 11111011
11111111), 1111111111 011 (1111111111111111111111 111111111111111
v-1151111'11111 111110111111111111)1111111111101111111111111111] 5C51111 10 011
111111]1111111111][11111118111111111111 5cp10110111de 15111551 ’
111111111]]111111111111111111111110111111111111111111111111111111 11111]-
1111111 11111111] 111111111Ζ111111111111111111111111] 11111111 1111
111111 ab Axe Lentis& 5 111111111111111111111111111] 1111111111
1111111111 5111 11111 1111111111] 1111111111 111111 1111111) 01111111 11111111
1161116

11111111 5111 11111111 0111111111111111111111111111111111111111,
· 1] 1111131111 15111010 I1C015115110 D51111015', 1111111111111111111111 v
1110111111]11111111118111111111111111] 5111'1151115111515 1111111] 111]μ
111 11]]1111111111,1111111111111111· 11111111 11111111 0151111 1111111111111
1111111 01111111 1111111111] 1111111111] 111111111111111111111
1111111111] 5011151515115 1111111111111111111 11111111 1111111111-
1110111111] 1111111111 111g51l1,1111 1111111111]11111111111111111111]11111111]
111111111111111111111111111111111111 , 11]1111111111]111111111111; 5115-
11111111111111111111111111]181111111111111111111111111111111111] 11111111 111 11]-
1111111111111 11111111]110]]11]1111111,ρο11111111111ῃ 1111111111111111111-
1111111111111111111111111111111111111111111011111111111
11 ’11 111111] 1111111111] 111 11·111111111111 111g1110' 111111111111111111111111 ,11
111]111111111111111111]11111111],111111] 11111111111111111111
111111111111111111111111111111·11]Α111111111,81111
1111111111]11111111111111111111 551151151115 1111111111] 1] , c011s1g1 11111 111
111111015151511111111'115

51

 

