161, ‘1⁰11'qupr 100106 11111
01010110 61110 m 111 11010001 1110110 0101111110 00110 01100011·-

11110110 1010100101100101 1111111111 60111011ὓο 0110 ,1101

1101100010100110111111 110101111010101111110 0111111011 ·
0001010010110111100111011100010011111031011110101111011101111100111100
010101010010.

,011010111600010 110111 101 0110010010 00111111 0111101 11-
’110111101111100181011111 1000011111 111110οἔ011 1001110010,οο11
0106010 11111011 11101101101010 (1111111001,001101060000110101,
Imaginem 101 11111 0010011110010111111 011101001010111010111, 00
010010000110011100111110001110110110111011116110110 ad 101
1111110111111006100001000110111101, 000100111111111111111111
0010111001100110101111110.

LPam 11110111 onis 010001111100011110100110 1101101,0111’011
01110011160010101110011 diri 11000101 prae al 11101111 partes faciei
Lentis 0011110110, 00100001 ’111100001110110100001110 1111100
000011010111101 0011001110 00011000001010111110 0111110610 ⁷
1011111 0111 0011, 10111011 011 os 111 0011 Lentem connexam. Qan-
1001011100οψ,11011100111010116110101 omem dm guntur 011
011101 0011111100 1001111111 111 101111 11, 0001111111101 1000001000-

101110 11111 0111001110 001 0101111001, tami) 00111100110611 1011001
100 1111101111. 1001110, 011111 1111101111 ’11101 01111 000 incidunt 111 61-
0 ’0111 11011101, 00 0101111110 6001011011 01101110 0110001001101100
1011 1111101011111101111010111101110111111111 0011110000
11110011011101 0110011110 0101100110 0111011 1010111 1111111100 011
11110111011010111001 0011 1011111011 0011010 0010101111111011
001010011111010001011110101106101001011101001

0010111010 001110000101106110000101111111110111111 11000

111111 1116101 0011011111· , 0011110 sub minori angulo 011 101. 001
00111110111011 incidentesJ Lm 1011101100100001010,101110110-
000100001111110 10111111 00 consequentem mmor} (1111111111
Line-1111 11111110,001’0100100100101000100οῑ extrema Ima-
01011011101111111101101101010101110 post Lemem: sed 0100011111
1100106101 ,010101001011110,01111110011 10 omem 0011111Ι

111000011ἀο

 

